#Type,Description      , Circuits, MaxLoad, Clock, Xmit, Ports, Intensity, Servo, SSR, Input, Ptype, spare, spare
  025,CTB08   Ver 1.0  , 8       , 112    , 0    , 0   , 0    , 0        , 0    , 0  , 0    , 0    , 0    , 0   
  026,CTB08   Ver 2.0  , 8       , 112    , 0    , 0   , 0    , 0        , 0    , 0  , 0    , 0    , 0    , 0   
  027,CTB08   Ver 3.0  , 8       , 112    , 0    , 0   , 0    , 0        , 0    , 0  , 0    , 0    , 0    , 0   
  030,CTB08S  Ver 1.0  , 8       , 230    , 0    , 0   , 0    , 0        , 0    , 0  , 0    , 0    , 0    , 0   
  031,CTB08S  Ver 4.?  , 8       , 230    , 0    , 0   , 0    , 0        , 0    , 0  , 0    , 0    , 0    , 0   
  035,CMB24D  Ver 1.?  , 24      , 31000  , 0    , 1   , 1    , 1        , 0    , 0  , 1    , 0    , 0    , 0 
  040,InpPup  Ver 1.?  , 0       , 0      , 0    , 0   , 0    , 1        , 0    , 0  , 1    , 0    , 0    , 0 
  046,SrvPup  Ver 1.?  , 8       , 31000  , 0    , 1   , 1    , 1        , 0    , 0  , 0    , 0    , 0    , 0 
  050,LOR600  Ver 1.0  , 6       , 230    , 0    , 1   , 0    , 1        , 0    , 0  , 0    , 0    , 0    , 0 
  051,LC16    Ver 4.?  , 16      , 200    , 0    , 0   , 1    , 1        , 0    , 0  , 0    , 0    , 0    , 0 
  055,LOR600S Ver 1.0  , 6       , 31000  , 0    , 1   , 0    , 1        , 0    , 0  , 0    , 0    , 0    , 0  
  055,LOR600D Ver 1.0  , 6       , 64000  , 0    , 1   , 0    , 1        , 0    , 0  , 0    , 0    , 0    , 0 
  061,ELD16   Ver 4.?  , 16      , 200    , 0    , 0   , 1    , 1        , 0    , 0  , 0    , 0    , 0    , 0
  070,Pixie2  Ver 1.?  , 800     , 130000 , 0    , 1   , 2    , 1        , 0    , 0  , 0    , 4    , 0    , 0
  071,Pixie2P Ver 1.?  , 800     , 130000 , 0    , 1   , 2    , 1        , 0    , 0  , 0    , 4    , 0    , 0
  075,Pixie4  Ver 1.?  , 1600    , 130000 , 0    , 1   , 4    , 1        , 0    , 0  , 1    , 5    , 0    , 0
  076,Pixie4P Ver 1.?  , 1600    , 130000 , 0    , 1   , 4    , 1        , 0    , 0  , 1    , 5    , 0    , 0
  080,Pixie8  Ver 1.?  , 2720    , 130000 , 0    , 1   , 8    , 1        , 0    , 0  , 1    , 6    , 0    , 0
  081,Pixie8P Ver 1.?  , 2720    , 130000 , 0    , 1   , 8    , 1        , 0    , 0  , 1    , 6    , 0    , 0
  085,Pixie16 Ver 1.?  , 5440    , 130000 , 0    , 1   , 16   , 1        , 0    , 0  , 1    , 7    , 0    , 0
  086,Pixie16P Ver 1.? , 5440    , 130000 , 0    , 1   , 16   , 1        , 0    , 0  , 1    , 7    , 0    , 0
  090,Pixie4DMX Ver 1.?, 680     , 130000 , 0    , 1   , 4    , 1        , 0    , 0  , 1    , 5    , 0    , 0
  100,MC-P    Ver 1.0  , 16      , 230    , 0    , 1   , 1    , 1        , 0    , 1  , 0    , 0    , 0    , 0    
  101,MC-P    Ver 1.0  , 16      , 230    , 0    , 1   , 1    , 1        , 0    , 1  , 0    , 0    , 0    , 0    
  110,MC-Ps   Ver 1.0  , 16      , 31000  , 0    , 1   , 1    , 1        , 0    , 1  , 0    , 0    , 0    , 0    
  120,MC-PD   Ver 1.0  , 16      , 64000  , 1    , 1   , 1    , 1        , 0    , 1  , 0    , 0    , 0    , 0    
  121,MC-PD   Ver 2.0  , 16      , 64000  , 1    , 1   , 1    , 1        , 0    , 1  , 0    , 0    , 0    , 0    
  123,CCB100  Ver 1.?  , 300     , 0      , 0    , 1   , 1    , 1        , 0    , 0  , 1    , 3    , 0    , 0    
  125,CCF     Ver 1.?  , 16      , 64000  , 0    , 1   , 1    , 1        , 0    , 0  , 1    , 0    , 0    , 0    
  126,F50RGB  Ver 1.?  , 5       , 64000  , 0    , 1   , 1    , 1        , 0    , 0  , 1    , 0    , 0    , 0    
  127,F50UV   Ver 1.?  , 5       , 64000  , 0    , 1   , 1    , 1        , 0    , 0  , 1    , 0    , 0    , 0    
  130,CTB08D  Ver 1.0  , 8       , 31000  , 0    , 1   , 1    , 1        , 1    , 0  , 0    , 0    , 0    , 0    
  131,CTB08D  Ver 2.0  , 8       , 31000  , 0    , 1   , 1    , 1        , 1    , 0  , 1    , 0    , 0    , 0    
  132,CTB08D  Ver 3.0  , 8       , 31000  , 0    , 1   , 1    , 1        , 1    , 0  , 1    , 0    , 0    , 0    
  133,CTB08D  Ver 4.?  , 8       , 31000  , 0    , 1   , 1    , 1        , 1    , 0  , 1    , 0    , 0    , 0    
  134,CTB08D  Ver 5.?  , 8       , 31000  , 0    , 1   , 1    , 1        , 1    , 0  , 1    , 0    , 0    , 0    
  135,CTB08D  Ver 6.?  , 8       , 31000  , 0    , 1   , 1    , 1        , 1    , 0  , 1    , 0    , 0    , 0    
  140,CTB16D  Ver 1.0  , 16      , 31000  , 0    , 1   , 1    , 1        , 0    , 0  , 0    , 0    , 0    , 0    
  141,CTB16D  Ver 2.0  , 16      , 31000  , 0    , 1   , 1    , 1        , 0    , 0  , 1    , 0    , 0    , 0    
  142,CTB16D  Ver 3.0  , 16      , 31000  , 0    , 1   , 1    , 1        , 0    , 0  , 1    , 0    , 0    , 0    
  143,CTB16D  Ver 4.?  , 16      , 31000  , 0    , 1   , 1    , 1        , 0    , 0  , 1    , 0    , 0    , 0    
  144,32LD-G3 Ver 1.?  , 16      , 31000  , 0    , 1   , 1    , 1        , 0    , 0  , 1    , 0    , 0    , 0    
  150,CTB16PC Ver 4.?  , 16      , 0      , 0    , 0   , 1    , 1        , 0    , 0  , 0    , 0    , 0    , 0    
  151,CTB16PC Ver 5.?  , 16      , 250    , 0    , 0   , 1    , 1        , 0    , 0  , 0    , 0    , 0    , 0     
  152,CTB16PC Ver 6.?  , 16      , 250    , 0    , 0   , 1    , 1        , 0    , 0  , 0    , 0    , 0    , 0     
  153,CTB16PC Ver 7.?  , 16      , 250    , 0    , 0   , 1    , 1        , 0    , 0  , 0    , 0    , 0    , 0     
  154,16PC-G3 Ver 1.?  , 16      , 31000  , 0    , 1   , 1    , 1        , 0    , 0  , 1    , 0    , 0    , 0     
  157,CTB08g3 Ver 1.?  , 8       , 31000  , 0    , 1   , 1    , 1        , 0    , 0  , 1    , 0    , 0    , 0    
  160,CMB16   Ver 1.?  , 16      , 31000  , 0    , 1   , 1    , 1        , 0    , 0  , 1    , 0    , 0    , 0    
  161,CMB16   Ver 2.?  , 16      , 31000  , 0    , 1   , 1    , 1        , 0    , 0  , 1    , 0    , 0    , 0    
  162,CMB16   Ver 3.?  , 16      , 31000  , 0    , 1   , 1    , 1        , 0    , 0  , 1    , 0    , 0    , 0    
  165,DMX1000 Ver 1.?  , 16      , 31000  , 0    , 1   , 0    , 1        , 0    , 0  , 0    , 0    , 0    , 0    
  167,CTB04g3 Ver 1.?  , 4       , 31000  , 0    , 1   , 1    , 1        , 0    , 0  , 1    , 0    , 0    , 0    
  170,MCP32   Ver 1.?  , 32      , 31000  , 0    , 1   , 1    , 1        , 0    , 0  , 1    , 0    , 0    , 0    
  175,DIO32   Ver 1.?  , 32      , 31000  , 0    , 1   , 1    , 1        , 0    , 0  , 2    , 0    , 0    , 0    
  180,CR150D  Ver 1.?  , 150     , 64000  , 0    , 1   , 1    , 1        , 0    , 0  , 1    , 1    , 0    , 0    
  181,CR150D  Ver 2.?  , 150     , 64000  , 0    , 1   , 1    , 1        , 0    , 0  , 1    , 2    , 0    , 0    
  185,SD08    Ver 1.?  , 8       , 32000  , 0    , 1   , 1    , 1        , 0    , 0  , 1    , 0    , 0    , 0    
  202,BootLoader-16D   , 0       , 0      , 0    , 0   , 0    , 0        , 0    , 0  , 0    , 0    , 0    , 0
  203,BootLoader-MP3   , 0       , 0      , 0    , 0   , 0    , 0        , 0    , 0  , 0    , 0    , 0    , 0
  204,BootLoader-RF    , 0       , 0      , 0    , 0   , 0    , 0        , 0    , 0  , 0    , 0    , 0    , 0
  205,BootLoader-16D   , 0       , 0      , 0    , 0   , 0    , 0        , 0    , 0  , 0    , 0    , 0    , 0
  206,BootLoader-CB16  , 0       , 0      , 0    , 0   , 0    , 0        , 0    , 0  , 0    , 0    , 0    , 0
  207,BootLoader-mMP3  , 0       , 0      , 0    , 0   , 0    , 0        , 0    , 0  , 0    , 0    , 0    , 0
  208,BootLoader-DMX   , 0       , 0      , 0    , 0   , 0    , 0        , 0    , 0  , 0    , 0    , 0    , 0
  209,BootLoader-CMB24 , 0       , 0      , 0    , 0   , 0    , 0        , 0    , 0  , 0    , 0    , 0    , 0
  210,BootLoader-08S   , 0       , 0      , 0    , 0   , 0    , 0        , 0    , 0  , 0    , 0    , 0    , 0
  211,BootLoader-DIO32 , 0       , 0      , 0    , 0   , 0    , 0        , 0    , 0  , 0    , 0    , 0    , 0
  212,BootLoader-RB150 , 0       , 0      , 0    , 0   , 0    , 0        , 0    , 0  , 0    , 0    , 0    , 0
  213,BootLoader-SD08  , 0       , 0      , 0    , 0   , 0    , 0        , 0    , 0  , 0    , 0    , 0    , 0
  214,BootLoader-16DV7 , 0       , 0      , 0    , 0   , 0    , 0        , 0    , 0  , 0    , 0    , 0    , 0
  215,BootLoader-PC-V2 , 0       , 0      , 0    , 0   , 0    , 0        , 0    , 0  , 0    , 0    , 0    , 0
  216,BootLoader-MP3P  , 0       , 0      , 0    , 0   , 0    , 0        , 0    , 0  , 0    , 0    , 0    , 0
  217,BootLoader-C32G3 , 0       , 0      , 0    , 0   , 0    , 0        , 0    , 0  , 0    , 0    , 0    , 0
  218,BootLoader-PCG3  , 0       , 0      , 0    , 0   , 0    , 0        , 0    , 0  , 0    , 0    , 0    , 0
  220,BootLoader-LC16  , 0       , 0      , 0    , 0   , 0    , 0        , 0    , 0  , 0    , 0    , 0    , 0
  221,BootLoader-ELD16 , 0       , 0      , 0    , 0   , 0    , 0        , 0    , 0  , 0    , 0    , 0    , 0
  222,BootLoader-SPup  , 0       , 0      , 0    , 0   , 0    , 0        , 0    , 0  , 0    , 0    , 0    , 0
  223,BootLoader-IPup  , 0       , 0      , 0    , 0   , 0    , 0        , 0    , 0  , 0    , 0    , 0    , 0
  224,BootLoader-CCF   , 0       , 0      , 0    , 0   , 0    , 0        , 0    , 0  , 0    , 0    , 0    , 0
  225,BootLoader-CCB   , 0       , 0      , 0    , 0   , 0    , 0        , 0    , 0  , 0    , 0    , 0    , 0
  226,BootLoader-MPG3  , 0       , 0      , 0    , 0   , 0    , 0        , 0    , 0  , 0    , 0    , 0    , 0
  227,BootLoader-RFV5  , 0       , 0      , 0    , 0   , 0    , 0        , 0    , 0  , 0    , 0    , 0    , 0
  228,BootLoader-08g3  , 0       , 0      , 0    , 0   , 0    , 0        , 0    , 0  , 0    , 0    , 0    , 0
  229,BootLoader-uMg3  , 0       , 0      , 0    , 0   , 0    , 0        , 0    , 0  , 0    , 0    , 0    , 0
  230,BootLoader-08g3  , 0       , 0      , 0    , 0   , 0    , 0        , 0    , 0  , 0    , 0    , 0    , 0
  232,BootLoader-PIX02 , 0       , 0      , 0    , 0   , 0    , 0        , 0    , 0  , 0    , 0    , 0    , 0
  233,BootLoader-PIX04 , 0       , 0      , 0    , 0   , 0    , 0        , 0    , 0  , 0    , 0    , 0    , 0
  234,BootLoader-PIX08 , 0       , 0      , 0    , 0   , 0    , 0        , 0    , 0  , 0    , 0    , 0    , 0
  235,BootLoader-PIX16 , 0       , 0      , 0    , 0   , 0    , 0        , 0    , 0  , 0    , 0    , 0    , 0